camera_matrix:
  cols: 3
  data: [212.42692381213064, 0.0, 163.8421102477024, 0.0, 212.78513200903114, 141.4663252556416,
    0.0, 0.0, 1.0]
  rows: 3
camera_name: duckiebot/camera_node
distortion_coefficients:
  cols: 5
  data: [-0.42296358660497263, 0.11802376477984079, -0.02839592857851656, 0.0007886409439909794,
    0.0]
  rows: 1
distortion_model: plumb_bob
image_height: 240
image_width: 320
projection_matrix:
  cols: 4
  data: [144.77789306640625, 0.0, 163.71052803230123, 0.0, 0.0, 179.78427124023438,
    140.1345753705791, 0.0, 0.0, 0.0, 1.0, 0.0]
  rows: 3
rectification_matrix:
  cols: 3
  data: [1.0, 0.0, 0.0, 0.0, 1.0, 0.0, 0.0, 0.0, 1.0]
  rows: 3
