camera_matrix:
  cols: 3
  data: [168.61881734963103, 0.0, 162.98236327642744, 0.0, 170.9492700156127, 112.03881433520218,
    0.0, 0.0, 1.0]
  rows: 3
camera_name: duckiebot/camera_node
distortion_coefficients:
  cols: 5
  data: [-0.27406504527533027, 0.0578698212828705, -0.00020124583705864933, -2.2906054594963506e-05,
    0.0]
  rows: 1
distortion_model: plumb_bob
image_height: 240
image_width: 320
projection_matrix:
  cols: 4
  data: [118.26016998291016, 0.0, 162.19075163510388, 0.0, 0.0, 142.1376190185547,
    108.17184201324835, 0.0, 0.0, 0.0, 1.0, 0.0]
  rows: 3
rectification_matrix:
  cols: 3
  data: [1.0, 0.0, 0.0, 0.0, 1.0, 0.0, 0.0, 0.0, 1.0]
  rows: 3
